NOTE: BK is better when we compress the qubit operator, JW is worse

Helium BK 2 sto-3g 1 0 0 1 9 2 5 2 0.0238711833954 0.00032114982605
Atomic_Hydrogen JW 2 sto-3g 2 0 0 1 11 4 5 2 0.0335459709167 0.00049090385437
Atomic_Hydrogen BK 2 sto-3g 2 0 0 1 9 2 5 2 0.0245630741119 0.000210046768188
Helium JW 2 sto-3g 1 0 0 1 11 4 5 2 0.0230319499969 0.000200986862183
Beryllium JW 10 sto-3g 1 0 0 5 124204 57714 104361 56328 0.182505846024 0.0890431404114
Beryllium BK 10 sto-3g 1 0 0 5 110683 63136 101448 62120 0.152329921722 0.096822977066
Boron JW 10 sto-3g 2 0 0 5 124204 57714 104361 56328 0.40442609787 0.109037160873
Boron BK 10 sto-3g 2 0 0 5 110683 63136 101448 62120 0.0939650535583 0.0662760734558
Carbon BK 10 sto-3g 3 0 0 5 110683 63136 101448 62120 0.148507118225 0.0970599651337
Fluoride JW 10 sto-3g 2 0 0 5 124204 57714 104361 56328 0.266080856323 0.108469009399
Fluoride BK 10 sto-3g 2 0 0 5 110683 63136 101448 62120 0.103569984436 0.079087972641
Carbon JW 10 sto-3g 3 0 0 5 124204 57714 104361 56328 0.185901880264 0.0836799144745
Neon BK 10 sto-3g 1 0 0 5 110683 63136 101448 62120 0.151637077332 0.0973989963531
Lithium JW 10 sto-3g 2 0 0 5 141483 73258 125174 72686 0.264840126038 0.121841907501
Neon JW 10 sto-3g 1 0 0 5 124204 57714 104361 56328 0.192616939545 0.0945918560028
Lithium BK 10 sto-3g 2 0 0 5 145760 76740 126661 75934 0.101824998856 0.108217954636