Helium BK 2 sto-3g 1 0 0 1 9 2 2 0 0.0243279933929 0.000459909439087
Helium JW 2 sto-3g 1 0 0 1 11 4 2 0 0.022763967514 0.000263929367065
Atomic_Hydrogen BK 2 sto-3g 2 0 0 1 9 2 2 0 0.0233249664307 0.000251054763794
Atomic_Hydrogen JW 2 sto-3g 2 0 0 1 11 4 2 0 0.0210678577423 0.000260829925537
Beryllium BK 10 sto-3g 1 0 0 5 115451 64180 8849 0 0.167151927948 0.107352972031
Beryllium JW 10 sto-3g 1 0 0 5 116905 54580 15465 0 0.31406712532 0.109205007553
Boron BK 10 sto-3g 2 0 0 5 115451 64180 8849 0 0.167511940002 0.107353925705
Carbon BK 10 sto-3g 3 0 0 5 115451 64180 8849 0 0.163058042526 0.106969118118
Carbon JW 10 sto-3g 3 0 0 5 116905 54580 15465 0 0.302815914154 0.108798980713
Boron JW 10 sto-3g 2 0 0 5 116905 54580 15465 0 0.316936969757 0.112942934036
Fluoride BK 10 sto-3g 2 0 0 5 115451 64180 8849 0 0.166010141373 0.106836080551
Fluoride JW 10 sto-3g 2 0 0 5 116905 54580 15465 0 0.306517124176 0.111590862274
Neon BK 10 sto-3g 1 0 0 5 115451 64180 8849 0 0.16301202774 0.107005119324
Lithium BK 10 sto-3g 2 0 0 5 151271 78754 10927 0 0.166609048843 0.139903068542
Lithium JW 10 sto-3g 2 0 0 5 136862 72466 14164 0 0.308298826218 0.123714923859
Neon JW 10 sto-3g 1 0 0 5 116905 54580 15465 0 0.304293870926 0.112132072449
Helium_Hydride BK 4 sto-3g 1 1 0 2 2585 1290 272 0 0.0371730327606 0.00381803512573
Helium_Hydride JW 4 sto-3g 1 1 0 2 2601 1170 404 0 0.0690689086914 0.00386214256287
Hydrogen BK 4 sto-3g 1 0 0 2 622 356 43 0 11.1924350262 0.00144219398499
Hydrogen JW 4 sto-3g 1 0 0 2 600 258 81 0 7.70609807968 0.00144720077515
Atomic_Nitrogen JW 10 sto-3g 4 0 0 5 116905 54580 15465 0 0.301995038986 0.11325097084
Atomic_Nitrogen BK 10 sto-3g 4 0 0 5 115451 64180 8849 0 0.132843971252 0.0889959335327
Atomic_Oxygen BK 10 sto-3g 3 0 0 5 115451 64180 8849 0 0.173794031143 0.108592987061
Atomic_Oxygen JW 10 sto-3g 3 0 0 5 116905 54580 15465 0 0.305828094482 0.113138198853
LiH BK 12 sto-3g 1 0 0 6 3487384 1872546 230893 0 8.12923192978 2.26777505875
LiH JW 12 sto-3g 1 0 0 6 3280241 2028646 281284 0 8.84513092041 2.18469595909
Hydroxide JW 12 sto-3g 1 -1 0 6 3280241 2028646 281284 0 8.66990613937 2.14122486115
Hydroxide BK 12 sto-3g 1 -1 0 6 3487384 1872546 230893 0 8.24691796303 2.22647714615
Hydrogen_Fluoride BK 12 sto-3g 1 0 0 6 3487384 1872546 230893 0 0.670524835587 2.36125802994
Hydrogen_Fluoride JW 12 sto-3g 1 0 0 6 3280241 2028646 281284 0 1.24586796761 2.03910899162
Methylene BK 14 sto-3g 3 0 0 7 45020482 24526036 2841797 0 12.8449778557 28.5372169018
Methylene JW 14 sto-3g 3 0 0 7 43840190 27948328 3473584 0 11.367513895 26.8991219997
Water JW 14 sto-3g 1 0 0 7 113824306 71287524 8925078 0 13.7466659546 69.7225329876
Water BK 14 sto-3g 1 0 0 7 124733906 66404136 7025699 0 13.8392729759 78.3652558327
Chloride BK 18 sto-3g 2 0 0 9 46608093 26029140 2510574 0 9.67067599297 29.6548340321
Chloride JW 18 sto-3g 2 0 0 9 47493367 31666828 3313714 0 11.91482687 29.2378139496
Silicon BK 18 sto-3g 3 0 0 9 46616311 26032698 2514487 0 9.65410685539 29.4657039642
Silicon JW 18 sto-3g 3 0 0 9 47492659 31667136 3311535 0 12.1287100315 28.1911318302
Ammonia JW 16 sto-3g 1 0 0 8 365625934 238416250 26171522 0 19.3837039471 220.273839951
Ammonia BK 16 sto-3g 1 0 0 8 368978703 202590184 19459847 0 13.4542980194 231.736881018
Sulfur BK 18 sto-3g 3 0 0 9 47625775 26677474 2716519 0 10.7503099442 30.1829590797
Sulfur JW 18 sto-3g 3 0 0 9 50014835 34224064 3356188 0 16.6883399487 30.7703049183
Borane JW 16 sto-3g 1 0 0 8 100292819 65873444 7162156 0 6.31075000763 62.0942299366
Borane BK 16 sto-3g 1 0 0 8 100457662 55381538 5466257 0 3.33553290367 64.0193960667
Al BK 18 sto-3g 2 0 0 9 47663605 26660434 2659713 0 10.0685279369 30.9459381104
Al JW 18 sto-3g 2 0 0 9 49559470 33664496 3445101 0 19.8169169426 30.3039820194
Sodium BK 18 sto-3g 2 0 0 9 126310653 70289660 6581492 0 11.0352218151 81.1126639843
Sodium JW 18 sto-3g 2 0 0 9 126593022 85856382 8391765 0 15.459995985 76.7512440681
Ar JW 18 sto-3g 1 0 0 9 131970080 89353452 8741903 0 14.9408957958 80.3168449402
Magnesium BK 18 sto-3g 1 0 0 9 131393116 73123874 6869372 0 14.5861699581 83.2320539951
Magnesium JW 18 sto-3g 1 0 0 9 131970080 89353452 8741903 0 18.2426469326 79.8741829395
Ar BK 18 sto-3g 1 0 0 9 131393116 73123874 6869372 0 10.8379561901 84.1914598942
Phosphorus JW 18 sto-3g 4 0 0 9 131970080 89353452 8741903 0 7.28334498405 77.7320079803
Phosphorus BK 18 sto-3g 4 0 0 9 131393116 73123874 6869372 0 3.42188692093 82.0674390793
Diatomic_Nitrogen BK 20 sto-3g 1 0 0 10 59952214 33364320 2677727 0 2.38338804245 38.4052598476
Diatomic_Nitrogen JW 20 sto-3g 1 0 0 10 61295293 42633606 3946327 0 5.76305699348 37.606359005
Methane JW 18 sto-3g 1 0 0 9 1031657370 693580804 68759921 0 24.2435259819 527.486006975
Ammonium JW 18 sto-3g 1 1 0 9 1028281592 691448864 68570809 0 30.9693050385 603.999100924
Ammonium BK 18 sto-3g 1 1 0 9 1057453365 577317006 51511610 0 17.5152170658 659.087827921
Methane BK 18 sto-3g 1 0 0 9 1061197763 579297480 51738132 0 17.2445919514 669.993809223
Diatomic_Fluorine JW 20 sto-3g 1 0 0 10 56882624 38012284 3933680 0 5.33115792274 34.8447329998
Diatomic_Fluorine BK 20 sto-3g 1 0 0 10 61917977 33625026 2402458 0 2.64800906181 39.3474109173
Oxygen BK 20 sto-3g 3 0 0 10 113952795 62475132 4549530 0 10.6601130962 70.7206089497
Oxygen BK 20 sto-3g 1 0 0 10 64602772 36003574 3091137 0 10.0351262093 40.6833660603
Oxygen JW 20 sto-3g 3 0 0 10 109225592 74064446 7030719 0 18.6404759884 66.7288711071
Oxygen JW 20 sto-3g 1 0 0 10 65396379 45096028 4224812 0 17.9425590038 38.1944868565
Carbon_Monoxide JW 20 sto-3g 1 0 0 10 400983588 278331480 25100120 0 23.9634070396 238.976913929
Carbon_Monoxide BK 20 sto-3g 1 0 0 10 407614904 225589060 16725615 0 20.0514090061 252.765876055
Sodium_Hydride JW 20 sto-3g 1 0 0 10 436092178 304650152 26595512 0 24.2349619865 257.895190954
Sodium_Hydride BK 20 sto-3g 1 0 0 10 443450756 245101294 18405556 0 16.7234921455 270.643606901
Hydrogen_Chloride JW 20 sto-3g 1 0 0 10 919278552 638176910 56411714 0 20.7123608589 535.396999836
Hydrogen_Chloride BK 20 sto-3g 1 0 0 10 942941932 521313864 39032746 0 9.20771598816 582.029975891
Ethyne JW 24 sto-3g 1 0 0 12 1664426853 1203050348 91219027 0 27.7231931686 799.122110844
Ethyne BK 24 sto-3g 1 0 0 12 1665362590 933173370 53163001 0 23.6271150112 1014.06635499
Magnesium_Hydride JW 22 sto-3g 1 0 0 11 1979411538 1410113484 114764927 0 42.6496129036 1144.66472411
Magnesium_Hydride BK 22 sto-3g 1 0 0 11 1914850395 1075210438 83364614 0 23.0184960365 1186.18224406
Lithium_Hydroxide BK 22 sto-3g 1 0 0 11 6031014966 3326623636 241688168 0 24.7144720554 3080.3859489
Hydrogen_Sulfide JW 22 sto-3g 1 0 0 11 5762378348 4075900316 329484520 0 64.1888799667 3376.77086592
Hydrogen_Sulfide BK 22 sto-3g 1 0 0 11 5811634585 3208681822 232077487 0 32.0921690464 3656.17529798
Lithium_Hydroxide JW 22 sto-3g 1 0 0 11 5972093220 4219618686 343548665 0 58.2162120342 3645.10591793
Methanal JW 24 sto-3g 1 0 0 12 12809973611 9235901420 686715615 0 60.9718987942 6268.06038404
Potassium BK 26 sto-3g 2 0 0 13 4424140887 2482281168 157991750 0 18.0448019505 2737.38603091
Potassium JW 26 sto-3g 2 0 0 13 4561924027 3358606716 235586989 0 65.811784029 5040.49842501
Hydrogen_Peroxide JW 24 sto-3g 1 0 0 12 12842054469 9257877104 689102629 0 59.4849100113 6416.27653885
Methanal BK 24 sto-3g 1 0 0 12 12993941207 7206285736 413195156 0 31.4901740551 8597.70220995
Ethene JW 28 sto-3g 1 0 0 14 28169228351 21054379028 1363822775 0 123.444748163 17844.5954449
Carbon_Dioxide BK 30 sto-3g 1 0 0 15 2399532427 1351415262 81235712 0 28.8600299358 1572.78311586
Carbon_Dioxide JW 30 sto-3g 1 0 0 15 2611250564 1981097368 126130601 0 64.4883260727 1732.37406206
Hydrogen_Peroxide BK 24 sto-3g 1 0 0 12 13027359370 7224565896 413960761 0 27.6888930798 6775.9708581
Ethene BK 28 sto-3g 1 0 0 14 27040190010 15123644030 811584503 0 49.9967820644 14896.9996929
Methanol BK 28 sto-3g 1 0 0 14 47975642365 26798562788 1390971401 0 74.9292321205 27103.417969
Methanol JW 28 sto-3g 1 0 0 14 49751834987 37129553158 2380651495 0 110.784935951 34871.2781239
Carbon_Dioxide BK 30 sto-3g 1 0 0 15 2399532427 1351415262 81235712 0 32.2804179192 1463.67520308
Carbon_Dioxide JW 30 sto-3g 1 0 0 15 2611250564 1981097368 126130601 0 55.9713129997 1500.7097559
Nitrogen_Dioxide BK 30 sto-3g 2 0 0 15 6822003752 3849864588 227010626 0 32.0807349682 4118.46316814
Nitrogen_Dioxide JW 30 sto-3g 2 0 0 15 7501393142 5717645356 343398755 0 80.4829587936 4421.46247411
Bromine BK 36 sto-3g 2 0 0 18 18220587125 10354640188 480645220 0 40.2411019802 11923.130677
Bromine JW 36 sto-3g 2 0 0 18 21070856428 16595876926 843506160 0 109.487147093 12881.8295832
Chlorine BK 36 sto-3g 1 0 0 18 37535984753 21445614150 1085329247 0 60.4803049564 20540.117903
Chlorine JW 36 sto-3g 1 0 0 18 43133290633 33808510804 1744289925 0 161.659036875 22304.422045
Bromine JW 36 sto-3g 1 -1 0 18 87289934949 68597597716 3417517554 0 186.832792997 43689.063328
SODIUM_HYDROXIDE BK 30 sto-3g 1 0 0 15 83159293858 46683227782 2565240349 0 123.851686001 77799.5172379
SODIUM_HYDROXIDE JW 30 sto-3g 1 0 0 15 89110434690 67488729212 4036070426 0 185.155840874 80317.6539979
Ethane JW 32 sto-3g 1 0 0 16 40302410670 30905954884 1741210193 0 130.974322081 20233.056442
Bromine BK 36 sto-3g 1 -1 0 18 76350501996 43403295236 2057830443 0 82.1509690285 48727.206079
