Atomic_Hydrogen BK 2 sto-3g 2 0 0 1 11 4 9 4 0.0101480484009 2.90870666504e-05
Atomic_Hydrogen JW 2 sto-3g 2 0 0 1 15 8 9 4 0.0101411342621 3.09944152832e-05
Carbon BK 10 sto-3g 3 0 0 5 111404 63426 101437 62066 0.0585470199585 0.0541388988495
Beryllium BK 10 sto-3g 1 0 0 5 111404 63426 101437 62066 0.0684971809387 0.0683701038361
Boron BK 10 sto-3g 2 0 0 5 111404 63426 101437 62066 0.0651831626892 0.0639550685883
Boron JW 10 sto-3g 2 0 0 5 124187 57678 104004 56144 0.093780040741 0.0625920295715
Beryllium JW 10 sto-3g 1 0 0 5 124187 57678 104004 56144 0.0969610214233 0.0712199211121
Helium BK 2 sto-3g 1 0 0 1 11 4 9 4 1.01071715355 3.48091125488e-05
Helium JW 2 sto-3g 1 0 0 1 15 8 9 4 1.01090312004 3.38554382324e-05
Neon BK 10 sto-3g 1 0 0 5 111404 63426 101437 62066 0.0594520568848 0.0545558929443
Fluoride BK 10 sto-3g 2 0 0 5 111404 63426 101437 62066 0.061136007309 0.0542390346527
Fluoride JW 10 sto-3g 2 0 0 5 124187 57678 104004 56144 0.0951700210571 0.0672860145569
Neon JW 10 sto-3g 1 0 0 5 124187 57678 104004 56144 0.0982611179352 0.065199136734
Carbon JW 10 sto-3g 3 0 0 5 124187 57678 104004 56144 0.110019922256 0.0729291439056
Lithium BK 10 sto-3g 2 0 0 5 145833 77132 127220 76240 0.0758531093597 0.0750198364258
Lithium JW 10 sto-3g 2 0 0 5 140251 72538 124064 71442 0.108165025711 0.0752630233765
Hydrogen JW 4 sto-3g 1 0 0 2 419 208 396 206 10.9093999863 0.000296831130981
Hydrogen BK 4 sto-3g 1 0 0 2 561 358 481 292 14.2906529903 0.00030779838562
Helium_Hydride JW 4 sto-3g 1 1 0 2 2645 1206 2294 1150 0.0178308486938 0.00128293037415
Helium_Hydride BK 4 sto-3g 1 1 0 2 2585 1302 2074 1166 0.014965057373 0.00140285491943
Atomic_Nitrogen BK 10 sto-3g 4 0 0 5 111404 63426 101437 62066 0.0628390312195 0.057587146759
Atomic_Oxygen BK 10 sto-3g 3 0 0 5 111404 63426 101437 62066 0.058797121048 0.0617170333862
Atomic_Nitrogen JW 10 sto-3g 4 0 0 5 124187 57678 104004 56144 0.090616941452 0.0616779327393
Atomic_Oxygen JW 10 sto-3g 3 0 0 5 124187 57678 104004 56144 0.0950639247894 0.0685129165649
LiH BK 12 sto-3g 1 0 0 6 3468503 1858022 2872356 1838234 14.9539120197 1.87992691994
LiH JW 12 sto-3g 1 0 0 6 3362163 2099624 3039532 2060568 14.9810800552 1.64156293869
Hydroxide BK 12 sto-3g 1 -1 0 6 3468503 1858022 2872356 1838234 15.1338620186 1.82229995728
Hydrogen_Fluoride JW 12 sto-3g 1 0 0 6 3362163 2099624 3039532 2060568 0.695134162903 1.63155508041
Hydrogen_Fluoride BK 12 sto-3g 1 0 0 6 3468503 1858022 2872356 1838234 0.595870018005 1.80187010765
Hydroxide JW 12 sto-3g 1 -1 0 6 3362163 2099624 3039532 2060568 11.7339351177 2.01297283173
Methylene BK 14 sto-3g 3 0 0 7 45038971 24571708 37875722 24262184 21.873554945 22.4562540054
Methylene JW 14 sto-3g 3 0 0 7 43845024 28062800 39946237 27522048 22.6463799477 26.8382339478
Chloride BK 18 sto-3g 2 0 0 9 46755286 26136082 40273763 25808768 20.5830669403 22.829007864
Silicon BK 18 sto-3g 3 0 0 9 46755286 26136082 40273763 25808768 20.7418711185 23.1424481869
Silicon JW 18 sto-3g 3 0 0 9 47395433 31571970 44050716 31042866 21.98158288 25.4394779205
Water JW 14 sto-3g 1 0 0 7 114642748 72102276 104638143 70677614 27.2531671524 57.2720341682
Water BK 14 sto-3g 1 0 0 7 125221327 66834890 104193506 65961956 28.2881269455 66.5639469624
Chloride JW 18 sto-3g 2 0 0 9 47395433 31571970 44050716 31042866 21.2101480961 22.9522550106
Ammonia JW 16 sto-3g 1 0 0 8 364492239 237583938 335172358 232469104 60.276499033 174.860110044
Ammonia BK 16 sto-3g 1 0 0 8 369065460 202695014 315014025 200074072 63.7297451496 196.358093023
