Atomic_Hydrogen JW 2 sto-3g 2 0 0 1 11 4 5 2 0.0127470493317 3.69548797607e-05
Helium BK 2 sto-3g 1 0 0 1 9 2 5 2 0.0106000900269 3.50475311279e-05
Helium JW 2 sto-3g 1 0 0 1 11 4 5 2 0.0110020637512 3.2901763916e-05
Boron BK 10 sto-3g 2 0 0 5 110683 63136 101448 62120 0.114794969559 0.0677759647369
Carbon BK 10 sto-3g 3 0 0 5 110683 63136 101448 62120 0.10183596611 0.0575280189514
Boron JW 10 sto-3g 2 0 0 5 124204 57714 104361 56328 0.182021141052 0.0810070037842
Atomic_Hydrogen BK 2 sto-3g 2 0 0 1 9 2 5 2 0.0111770629883 3.69548797607e-05
Beryllium BK 10 sto-3g 1 0 0 5 110683 63136 101448 62120 0.097265958786 0.0543370246887
Beryllium JW 10 sto-3g 1 0 0 5 124204 57714 104361 56328 0.16928601265 0.0612599849701
Neon BK 10 sto-3g 1 0 0 5 110683 63136 101448 62120 0.111817836761 0.0684809684753
Fluoride BK 10 sto-3g 2 0 0 5 110683 63136 101448 62120 0.0981500148773 0.0575079917908
Fluoride JW 10 sto-3g 2 0 0 5 124204 57714 104361 56328 0.195234060287 0.077131986618
Lithium JW 10 sto-3g 2 0 0 5 141483 73258 125174 72686 0.182233095169 0.0872910022736
Carbon JW 10 sto-3g 3 0 0 5 124204 57714 104361 56328 0.182702064514 0.0740768909454
Lithium BK 10 sto-3g 2 0 0 5 145760 76740 126661 75934 0.111394882202 0.0737609863281
Neon JW 10 sto-3g 1 0 0 5 124204 57714 104361 56328 0.165073871613 0.0621461868286
Hydrogen BK 4 sto-3g 1 0 0 2 561 358 481 292 11.02425313 0.000410795211792
Hydrogen JW 4 sto-3g 1 0 0 2 419 208 390 202 14.4208118916 0.000232934951782
Atomic_Nitrogen BK 10 sto-3g 4 0 0 5 110683 63136 101448 62120 0.112009048462 0.0677740573883
Atomic_Nitrogen JW 10 sto-3g 4 0 0 5 124204 57714 104361 56328 0.205037117004 0.079244852066
Atomic_Oxygen BK 10 sto-3g 3 0 0 5 110683 63136 101448 62120 0.107979059219 0.0549972057343
Atomic_Oxygen JW 10 sto-3g 3 0 0 5 124204 57714 104361 56328 0.177374124527 0.0637838840485
Helium_Hydride JW 4 sto-3g 1 1 0 2 2645 1206 2294 1150 0.405709981918 0.00124907493591
Helium_Hydride BK 4 sto-3g 1 1 0 2 2557 1290 2074 1188 0.0178129673004 0.00139093399048
LiH JW 12 sto-3g 1 0 0 6 3354162 2094610 3030523 2052516 17.0908479691 1.79510688782
LiH BK 12 sto-3g 1 0 0 6 3462426 1858270 2862273 1836470 15.3937261105 1.88663005829
Hydroxide BK 12 sto-3g 1 -1 0 6 3462426 1858270 2862273 1836470 15.4260308743 2.04526996613
Hydrogen_Fluoride JW 12 sto-3g 1 0 0 6 3354162 2094610 3030523 2052516 1.2736620903 2.04272007942
Hydrogen_Fluoride BK 12 sto-3g 1 0 0 6 3462426 1858270 2862273 1836470 0.742511987686 1.71858692169
Hydroxide JW 12 sto-3g 1 -1 0 6 3354162 2094610 3030523 2052516 18.2743630409 1.93618702888
Methylene JW 14 sto-3g 3 0 0 7 43871265 28072044 39963598 27527638 24.0046010017 22.620650053
Methylene BK 14 sto-3g 3 0 0 7 45056725 24595256 37923108 24307860 22.287733078 28.2329921722
Silicon BK 18 sto-3g 3 0 0 9 46751603 26130398 40221918 25792284 21.9310190678 22.7462069988
Silicon JW 18 sto-3g 3 0 0 9 47367257 31562374 44072026 31030914 23.375977993 25.2963018417
Chloride BK 18 sto-3g 2 0 0 9 46751603 26130398 40221918 25792284 22.651968956 28.7053389549
Chloride JW 18 sto-3g 2 0 0 9 47367257 31562374 44072026 31030914 28.6485750675 23.3253939152
Water JW 14 sto-3g 1 0 0 7 114264695 71825846 104473630 70538526 31.7176289558 55.7030181885
Water BK 14 sto-3g 1 0 0 7 124642156 66505438 103627043 65650202 31.4133620262 61.9181339741
Ammonia JW 16 sto-3g 1 0 0 8 365003887 237783270 334983652 232369606 65.7540690899 175.598834991
Ammonia BK 16 sto-3g 1 0 0 8 369292419 202765008 315289120 200283610 63.2740781307 188.006100178
