Helium JW 2 sto-3g 1 0 0 1 11 4 5 2 0.022097826004 0.000401020050049
Atomic_Hydrogen JW 2 sto-3g 2 0 0 1 11 4 5 2 0.0278098583221 0.000478029251099
Atomic_Hydrogen BK 2 sto-3g 2 0 0 1 9 2 5 2 0.0220019817352 0.000261068344116
Boron BK 10 sto-3g 2 0 0 5 115451 64180 102598 62714 0.167607069016 0.118315219879
Beryllium BK 10 sto-3g 1 0 0 5 115451 64180 102598 62714 0.162883996964 0.121756792068
Beryllium JW 10 sto-3g 1 0 0 5 116905 54580 99916 53772 0.309235095978 0.124829053879
Boron JW 10 sto-3g 2 0 0 5 116905 54580 99916 53772 0.309895038605 0.12574505806
Helium BK 2 sto-3g 1 0 0 1 9 2 5 2 0.0212841033936 0.000370025634766
Diatomic_Fluorine BK 20 sto-3g 1 0 0 10 61917977 33625026 51409986 33285022 1.5498521328 35.3611199856
Diatomic_Fluorine JW 20 sto-3g 1 0 0 10 56882624 38012284 52583039 37306718 5.39584708214 40.2486429214
Carbon BK 10 sto-3g 3 0 0 5 115451 64180 102598 62714 0.161044120789 0.12112402916
Carbon JW 10 sto-3g 3 0 0 5 116905 54580 99916 53772 0.165830135345 0.0729341506958
Atomic_Nitrogen JW 10 sto-3g 4 0 0 5 116905 54580 99916 53772 0.306486129761 0.123531103134
Helium_Hydride BK 4 sto-3g 1 1 0 2 2585 1290 1984 1092 0.0374038219452 0.00393414497375
Helium_Hydride JW 4 sto-3g 1 1 0 2 2601 1170 2234 1110 0.0597801208496 0.00409698486328
Neon BK 10 sto-3g 1 0 0 5 115451 64180 102598 62714 0.166910886765 0.121011018753
Atomic_Nitrogen BK 10 sto-3g 4 0 0 5 115451 64180 102598 62714 0.165750980377 0.122220039368
Lithium BK 10 sto-3g 2 0 0 5 151271 78754 128256 77004 0.169918060303 0.153559923172
Fluoride BK 10 sto-3g 2 0 0 5 115451 64180 102598 62714 0.17315196991 0.121577978134
Fluoride JW 10 sto-3g 2 0 0 5 116905 54580 99916 53772 0.316609859467 0.125929117203
Neon JW 10 sto-3g 1 0 0 5 116905 54580 99916 53772 0.310868024826 0.124071836472
Lithium JW 10 sto-3g 2 0 0 5 136862 72466 119979 71878 0.318040847778 0.142603158951
Hydrogen BK 4 sto-3g 1 0 0 2 622 356 613 352 11.0024459362 0.00160980224609
Hydrogen JW 4 sto-3g 1 0 0 2 600 258 573 256 14.4462029934 0.00159502029419
Atomic_Oxygen JW 10 sto-3g 3 0 0 5 116905 54580 99916 53772 0.164197921753 0.0700249671936
Atomic_Oxygen BK 10 sto-3g 3 0 0 5 115451 64180 102598 62714 0.174336910248 0.120625019073
Hydrogen_Fluoride BK 12 sto-3g 1 0 0 6 3487384 1872546 2889755 1849226 0.650340080261 2.46870517731
Hydrogen_Fluoride JW 12 sto-3g 1 0 0 6 3280241 2028646 2968208 1988330 1.2171959877 2.28653311729
Hydroxide JW 12 sto-3g 1 -1 0 6 3280241 2028646 2968208 1988330 8.77548885345 2.49934101105
LiH BK 12 sto-3g 1 0 0 6 3487384 1872546 2889755 1849226 11.5784649849 2.60940098763
Hydroxide BK 12 sto-3g 1 -1 0 6 3487384 1872546 2889755 1849226 8.27462005615 2.72629404068
LiH JW 12 sto-3g 1 0 0 6 3280241 2028646 2968208 1988330 12.1738820076 2.41515111923
Methylene BK 14 sto-3g 3 0 0 7 45020482 24526036 37838637 24260424 16.4037709236 32.5367920399
Methylene JW 14 sto-3g 3 0 0 7 43840190 27948328 39806445 27307192 18.4142200947 30.9499008656
Chloride BK 18 sto-3g 2 0 0 9 46608093 26029140 40145348 25703310 16.6806628704 32.7827858925
Chloride JW 18 sto-3g 2 0 0 9 47493367 31666828 44060822 31154452 15.595927 32.5647301674
Al BK 18 sto-3g 2 0 0 9 47663605 26660434 40746584 26289000 16.908905983 33.518723011
Sulfur JW 18 sto-3g 3 0 0 9 50014835 34224064 46774736 33753084 15.5554249287 34.7094199657
Sulfur BK 18 sto-3g 3 0 0 9 47625775 26677474 40953698 26323128 16.8472118378 33.4977259636
Al JW 18 sto-3g 2 0 0 9 49559470 33664496 46285035 33245922 15.4853379726 34.1259260178
Borane BK 16 sto-3g 1 0 0 8 100457662 55381538 85994637 54761754 3.12318396568 71.1970210075
Borane JW 16 sto-3g 1 0 0 8 100292819 65873444 92627552 64710578 6.22902989388 69.4068801403
Water BK 14 sto-3g 1 0 0 7 124733906 66404136 103782923 65658412 16.3216910362 69.9730350971
Diatomic_Nitrogen BK 20 sto-3g 1 0 0 10 59952214 33364320 50593823 32976070 2.93117308617 42.966809988
Diatomic_Nitrogen JW 20 sto-3g 1 0 0 10 61295293 42633606 57125406 41791760 5.3276309967 41.964632988
Silicon BK 18 sto-3g 3 0 0 9 46616311 26032698 40169212 25710820 16.6736190319 32.9764199257
Phosphorus BK 18 sto-3g 4 0 0 9 131393116 73123874 112280465 72309506 3.51037192345 93.9203360081
Phosphorus JW 18 sto-3g 4 0 0 9 131970080 89353452 122950807 88096658 7.32742714882 91.5821611881
Water JW 14 sto-3g 1 0 0 7 113824306 71287524 103342819 69612118 20.8014140129 78.6074411869
Ar BK 18 sto-3g 1 0 0 9 131393116 73123874 112280465 72309506 14.5360460281 92.4138581753
Sodium BK 18 sto-3g 2 0 0 9 126310653 70289660 107968624 69512488 17.7982671261 86.2480998039
Magnesium BK 18 sto-3g 1 0 0 9 131393116 73123874 112280465 72309506 14.9020619392 93.2912700176
Magnesium JW 18 sto-3g 1 0 0 9 131970080 89353452 122950807 88096658 22.1003580093 90.3525049686
Sodium JW 18 sto-3g 2 0 0 9 126593022 85856382 117955305 84584366 22.1528739929 87.3541572094
Ar JW 18 sto-3g 1 0 0 9 131970080 89353452 122950807 88096658 18.5054671764 91.2303869724
Diatomic_Fluorine JW 20 sto-3g 1 0 0 10 56882624 38012284 52583039 37306718 5.24030184746 39.4565651417
Silicon JW 18 sto-3g 3 0 0 9 47492659 31667136 44063122 31154614 12.086838007 33.0497748852
Diatomic_Fluorine BK 20 sto-3g 1 0 0 10 61917977 33625026 51409986 33285022 2.51511502266 43.3979358673
Oxygen JW 20 sto-3g 1 0 0 10 65396379 45096028 61198212 44435736 13.1706459522 45.0463941097
Oxygen BK 20 sto-3g 1 0 0 10 64602772 36003574 54703151 35609926 13.5843081474 45.5940999985
Oxygen BK 20 sto-3g 3 0 0 10 113952795 62475132 95053800 61755894 16.6551699638 62.9044308662
Oxygen JW 20 sto-3g 3 0 0 10 109225592 74064446 101271745 72473144 20.3863868713 67.7478129864
Ammonia BK 16 sto-3g 1 0 0 8 368978703 202590184 314883312 200053282 20.604845047 257.679787159
Ammonia JW 16 sto-3g 1 0 0 8 365625934 238416250 336643361 233788370 23.5319788456 250.847388029
